4.267438
4.188883
4.815363
3.126400
3.539805
5.588822
4.883741
3.817022
3.152435
3.891296
3.810880
5.084467
4.181167
4.869674
5.033401
6.428226
5.278279
7.226182
5.505053
7.176065
4.208149
5.716847
3.945734
4.080891
5.437310
3.821484
4.604967
4.926291
4.045312
4.303190
4.867671
5.322463
4.862604
3.044409
4.266718
5.648614
2.960289
5.254767
5.101334
6.106562
5.475489
5.147662
4.549504
5.907766
4.452132
6.627434
7.860492
4.758880
4.850149
5.931598
4.234277
6.554681
4.330111
5.445083
5.157484
6.376997
3.965793
5.140798
4.272589
5.365245
4.926703
5.027216
4.534432
4.752540
4.884721
5.049372
6.216725
4.367467
4.840601
4.161395
6.142143
6.597902
3.467608
4.625219
4.814333
6.486745
2.364501
6.653840
5.823731
5.422651
5.243884
6.521721
3.758422
5.155720
6.107060
3.533202
6.774351
6.989811
6.516732
6.812994
6.080645
4.699722
5.934693
4.517652
3.429121
4.552231
4.485581
5.583075
3.588527
3.592174
5.189085
6.000514
6.480932
5.521526
5.230024
4.672423
2.449598
3.726878
4.820949
5.448457
4.791748
6.411390
4.540978
5.267246
4.190695
5.058503
5.306550
6.105693
5.164779
4.335109
